precision = 0.999967373695
f1Score = 0.999967373695